[DP]
对于目标值target，它一定是由比它小的数相加得到的。比如5=1+4=2+3，而4=3+1=2+2，3=2+1，2=1+1...，也就是说，从1开始，我们依次求解每个数可以有几种形成的方式，则数值更高的数的组合方式建立在数值低的数的组合方式上得到，
代表形成的集合[]
1 只可以由[1]这1种方式组成。
2 只可以由[1,1],[2]这2种方式组成 2 - 2 或 2 - [1]。
3 可以由[1,1,1],[1,2],[3]这3种方式组成 3 - 3, 3 - [2], 3 - [1]。
4 可以由[1,1,1,1],[1,1,2],[2,2],[3,1],[4]这5种方式组成 4 - 4, 4 - [3], 4 - [2], 4 - [1]。
5 可以由[1,1,1,1,1],[1,1,1,2],[2,2,1],[3,1,1],[3,2],[4,1]这6种方式组成。

https://leetcode-cn.com/problems/combination-sum/solution/chao-qiang-gifzhu-ni-shi-yong-dong-tai-gui-hua-qiu/

